TOA5,CR1000,CR1000,47873,CR1000.Std.28,CPU:DPHP1_1sensor.CR1,2777,Temper,,
TIMESTAMP,RECORD,PrNum,PrID,Sec_into_Hr,t_s,R,T,curr,Batt_volt
18/11/2015 09:15,0,1,100,0,9999,11019.79,22.80066,5555,12.4
18/11/2015 09:15,1,1,101,0,9999,11019.79,22.80066,5555,12.4
18/11/2015 09:15,2,1,102,0,9999,11019.79,22.80066,5555,12.4
18/11/2015 09:15,3,1,103,0,9999,11020.68,22.79885,5555,12.4
18/11/2015 09:15,4,1,104,0,9999,11019.79,22.80066,5555,12.4
18/11/2015 09:15,5,1,105,0,9999,11020.68,22.79885,5555,12.4
18/11/2015 09:15,6,1,106,0,9999,11017.85,22.80462,5555,12.4
18/11/2015 09:15,7,1,107,0,9999,11020.68,22.79885,5555,12.4
18/11/2015 09:15,8,1,108,0,9999,11019.79,22.80066,5555,12.4
18/11/2015 09:15,9,1,109,0,9999,11018.73,22.80281,5555,12.4
18/11/2015 09:15,10,1,110,3,0,11018.73,22.80281,400,12.37
18/11/2015 09:15,11,1,111,3,0.5,11020.68,22.8038708092,400,12.37
18/11/2015 09:15,12,1,112,4,1,11020.68,22.8013282736,400,12.36
18/11/2015 09:15,13,1,113,4,1.5,11019.79,22.7988244723,400,12.36
18/11/2015 09:15,14,1,114,5,2,11020.68,22.8093864611,400,12.36
18/11/2015 09:15,15,1,115,5,2.5,11020.68,22.803046197,400,12.36
18/11/2015 09:15,16,1,116,6,3,11020.68,22.7994486309,400,12.36
18/11/2015 09:15,17,1,117,6,3.5,11020.68,22.8013872944,400,12.36
18/11/2015 09:15,18,1,118,7,4,11019.79,22.800435311,400,12.36
18/11/2015 09:15,19,1,119,7,4.5,11019.79,22.8008685171,400,12.36
18/11/2015 09:15,20,1,120,8,5,11020.68,22.8022705326,400,12.36
18/11/2015 09:15,21,1,121,8,5.5,11019.79,22.7969915751,400,12.36
18/11/2015 09:15,22,1,122,9,6,11021.56,22.7960414415,400,12.35
18/11/2015 09:15,23,1,123,9,6.5,11017.85,22.8018689605,400,12.36
18/11/2015 09:15,24,1,124,10,7,11020.68,22.8095689884,400,12.35
18/11/2015 09:15,25,1,125,10,7.5,11019.79,22.7987495121,400,12.35
18/11/2015 09:15,26,1,126,11,8,11019.79,22.7954529001,0,12.35
18/11/2015 09:15,27,1,127,11,8.5,11017.85,22.7996865818,0,12.35
18/11/2015 09:15,28,1,128,12,9,11017.85,22.7989947442,0,12.35
18/11/2015 09:15,29,1,129,12,9.5,11017.85,22.8005337847,0,12.35
18/11/2015 09:15,30,1,130,13,10,11016.96,22.8055747803,0,12.35
18/11/2015 09:15,31,1,131,13,10.5,11015.9,22.8038976917,0,12.35
18/11/2015 09:15,32,1,132,14,11,11015.02,22.8033039358,0,12.35
18/11/2015 09:15,33,1,133,14,11.5,11015.02,22.8062155456,0,12.35
18/11/2015 09:15,34,1,134,15,12,11014.13,22.8044629046,0,12.35
18/11/2015 09:15,35,1,135,15,12.5,11012.19,22.8099509525,0,12.35
18/11/2015 09:15,36,1,136,16,13,11010.24,22.8109340505,0,12.35
18/11/2015 09:15,37,1,137,16,13.5,11010.24,22.8197875898,0,12.35
18/11/2015 09:15,38,1,138,17,14,11009.36,22.8219620173,0,12.35
18/11/2015 09:15,39,1,139,17,14.5,11005.65,22.8295481924,0,12.35
18/11/2015 09:15,40,1,140,18,15,11004.77,22.8379637034,0,12.35
18/11/2015 09:15,41,1,141,18,15.5,11002.83,22.8405535798,0,12.35
18/11/2015 09:15,42,1,142,19,16,10998.06,22.8542320389,0,12.35
18/11/2015 09:15,43,1,143,19,16.5,10996.12,22.8644760985,0,12.35
18/11/2015 09:15,44,1,144,20,17,10992.41,22.8670494649,0,12.35
18/11/2015 09:15,45,1,145,20,17.5,10987.65,22.8871381254,0,12.35
18/11/2015 09:15,46,1,146,21,18,10985.89,22.8839113124,0,12.35
18/11/2015 09:15,47,1,147,21,18.5,10980.25,22.9006804607,0,12.35
18/11/2015 09:15,48,1,148,22,19,10976.38,22.9064881086,0,12.35
18/11/2015 09:15,49,1,149,22,19.5,10972.69,22.9238830525,0,12.35
18/11/2015 09:15,50,1,150,23,20,10968.99,22.9310508398,0,12.35
18/11/2015 09:15,51,1,151,23,20.5,10965.13,22.9471771469,0,12.35
18/11/2015 09:15,52,1,152,24,21,10961.44,22.9589933623,0,12.35
18/11/2015 09:15,53,1,153,24,21.5,10955.82,22.9696317326,0,12.35
18/11/2015 09:15,54,1,154,25,22,10952.13,22.9782582889,0,12.35
18/11/2015 09:15,55,1,155,25,22.5,10946.52,23.0045539842,0,12.35
18/11/2015 09:15,56,1,156,26,23,10941.79,23.0249527761,0,12.35
18/11/2015 09:15,57,1,157,26,23.5,10936.18,23.0393293513,0,12.35
18/11/2015 09:15,58,1,158,27,24,10931.46,23.0390127631,0,12.35
18/11/2015 09:15,59,1,159,27,24.5,10926.9,23.0544709333,0,12.35
18/11/2015 09:15,60,1,160,28,25,10924.1,23.0655349466,0,12.35
18/11/2015 09:15,61,1,161,28,25.5,10920.27,23.0813135964,0,12.35
18/11/2015 09:15,62,1,162,29,26,10912.92,23.0892924587,0,12.35
18/11/2015 09:15,63,1,163,29,26.5,10909.09,23.0971012054,0,12.34
18/11/2015 09:15,64,1,164,30,27,10905.42,23.1191683905,0,12.34
18/11/2015 09:15,65,1,165,30,27.5,10899.84,23.125699322,0,12.35
18/11/2015 09:15,66,1,166,31,28,10894.27,23.1345940649,0,12.34
18/11/2015 09:15,67,1,167,31,28.5,10890.6,23.1680524383,0,12.34
18/11/2015 09:15,68,1,168,32,29,10885.91,23.1668717397,0,12.34
18/11/2015 09:15,69,1,169,32,29.5,10883.13,23.1816878547,0,12.34
18/11/2015 09:15,70,1,170,33,30,10879.47,23.1970254912,0,12.34
18/11/2015 09:15,71,1,171,33,30.5,10875.66,23.1937922376,0,12.34
18/11/2015 09:15,72,1,172,34,31,10870.25,23.2151876515,0,12.34
18/11/2015 09:15,73,1,173,34,31.5,10864.54,23.2262855215,0,12.34
18/11/2015 09:15,74,1,174,35,32,10863.67,23.2345931217,0,12.35
18/11/2015 09:15,75,1,175,35,32.5,10857.24,23.245112005,0,12.34
18/11/2015 09:15,76,1,176,36,33,10853.45,23.2515717012,0,12.34
18/11/2015 09:15,77,1,177,36,33.5,10851.7,23.2674580633,0,12.34
18/11/2015 09:15,78,1,178,37,34,10846.15,23.2689678102,0,12.34
18/11/2015 09:15,79,1,179,37,34.5,10842.36,23.2783548586,0,12.34
18/11/2015 09:15,80,1,180,38,35,10838.72,23.2948288688,0,12.34
18/11/2015 09:15,81,1,181,38,35.5,10835.08,23.3082485722,0,12.34
18/11/2015 09:15,82,1,182,39,36,10831.3,23.3062483641,0,12.34
18/11/2015 09:15,83,1,183,39,36.5,10829.55,23.3137731632,0,12.34
18/11/2015 09:15,84,1,184,40,37,10824.02,23.3262141189,0,12.34
18/11/2015 09:15,85,1,185,40,37.5,10822.13,23.3371712111,0,12.34
18/11/2015 09:15,86,1,186,41,38,10820.24,23.344049259,0,12.35
18/11/2015 09:15,87,1,187,41,38.5,10816.61,23.3477281627,0,12.34
18/11/2015 09:15,88,1,188,42,39,10812.98,23.3501457751,0,12.35
18/11/2015 09:15,89,1,189,42,39.5,10809.21,23.3631835182,0,12.34
18/11/2015 09:15,90,1,190,43,40,10808.34,23.3661362955,0,12.34
18/11/2015 09:15,91,1,191,43,40.5,10804.71,23.3797002674,0,12.34
18/11/2015 09:15,92,1,192,44,41,10801.95,23.3718473005,0,12.34
18/11/2015 09:15,93,1,193,44,41.5,10798.19,23.3854616768,0,12.34
18/11/2015 09:15,94,1,194,45,42,10798.19,23.3968701393,0,12.34
18/11/2015 09:15,95,1,195,45,42.5,10793.69,23.3934163166,0,12.34
18/11/2015 09:15,96,1,196,46,43,10791.81,23.3980443203,0,12.34
18/11/2015 09:15,97,1,197,46,43.5,10789.06,23.4015902546,0,12.34
18/11/2015 09:15,98,1,198,47,44,10787.18,23.409771833,0,12.34
18/11/2015 09:15,99,1,199,47,44.5,10785.44,23.4148913952,0,12.34
18/11/2015 09:15,100,1,200,48,45,10779.94,23.421132256,0,12.34
18/11/2015 09:15,101,1,201,48,45.5,10779.94,23.4204166901,0,12.34
18/11/2015 09:15,102,1,202,49,46,10778.07,23.4294656918,0,12.34
18/11/2015 09:15,103,1,203,49,46.5,10776.19,23.4300921467,0,12.34
18/11/2015 09:15,104,1,204,50,47,10775.32,23.435169552,0,12.34
18/11/2015 09:15,105,1,205,50,47.5,10772.58,23.4365712986,0,12.34
18/11/2015 09:15,106,1,206,51,48,10768.96,23.4429500776,0,12.34
18/11/2015 09:15,107,1,207,51,48.5,10768.96,23.4656674225,0,12.34
18/11/2015 09:15,108,1,208,52,49,10767.09,23.4681706124,0,12.34
18/11/2015 09:15,109,1,209,52,49.5,10765.22,23.4600454714,0,12.34
18/11/2015 09:15,110,1,210,53,50,10764.35,23.4612919148,0,12.35
18/11/2015 09:15,111,1,211,53,50.5,10761.61,23.453880167,0,12.34
18/11/2015 09:15,112,1,212,54,51,10758.87,23.4601371841,0,12.34
18/11/2015 09:15,113,1,213,54,51.5,10758,23.4626299926,0,12.34
18/11/2015 09:15,114,1,214,55,52,10758,23.4709513983,0,12.34
18/11/2015 09:15,115,1,215,55,52.5,10754.26,23.4731220457,0,12.34
18/11/2015 09:15,116,1,216,56,53,10753.39,23.4735693128,0,12.34
18/11/2015 09:15,117,1,217,56,53.5,10751.52,23.4735361351,0,12.34
18/11/2015 09:15,118,1,218,57,54,10750.65,23.4727128383,0,12.34
18/11/2015 09:15,119,1,219,57,54.5,10747.92,23.4793701388,0,12.34
18/11/2015 09:15,120,1,220,58,55,10747.05,23.4869406074,0,12.34
18/11/2015 09:15,121,1,221,58,55.5,10747.05,23.4851857507,0,12.34
18/11/2015 09:15,122,1,222,59,56,10743.31,23.4856637456,0,12.34
18/11/2015 09:15,123,1,223,59,56.5,10743.31,23.4896639076,0,12.34
18/11/2015 09:15,124,1,224,60,57,10743.31,23.4908266001,0,12.34
18/11/2015 09:15,125,1,225,60,57.5,10743.31,23.4812655032,0,12.34
18/11/2015 09:15,126,1,226,61,58,10743.31,23.4908000592,0,12.34
18/11/2015 09:15,127,1,227,61,58.5,10741.45,23.4898532998,0,12.34
18/11/2015 09:15,128,1,228,62,59,10739.71,23.4830107533,0,12.34
18/11/2015 09:15,129,1,229,62,59.5,10738.84,23.4876590998,0,12.34
18/11/2015 09:15,130,1,230,63,60,10736.98,23.4937488477,0,12.34
18/11/2015 09:15,131,1,231,63,60.5,10736.11,23.500449473,0,12.34
18/11/2015 09:15,132,1,232,64,61,10736.11,23.4960796642,0,12.34
18/11/2015 09:15,133,1,233,64,61.5,10736.11,23.4993730242,0,12.34
18/11/2015 09:15,134,1,234,65,62,10732.38,23.4943413631,0,12.34
18/11/2015 09:15,135,1,235,65,62.5,10732.38,23.4887500446,0,12.34
18/11/2015 09:15,136,1,236,66,63,10732.38,23.5006491494,0,12.34
18/11/2015 09:15,137,1,237,66,63.5,10732.38,23.4960062256,0,12.34
18/11/2015 09:15,138,1,238,67,64,10732.38,23.5071490079,0,12.34
18/11/2015 09:15,139,1,239,67,64.5,10732.38,23.510428568,0,12.34
18/11/2015 09:15,140,1,240,68,65,10731.52,23.5003064422,0,12.34
18/11/2015 09:15,141,1,241,68,65.5,10728.79,23.5084875301,0,12.34
18/11/2015 09:15,142,1,242,69,66,10730.65,23.5075977934,0,12.34
18/11/2015 09:15,143,1,243,69,66.5,10726.93,23.496010289,0,12.34
18/11/2015 09:15,144,1,244,70,67,10726.93,23.5031258171,0,12.34
18/11/2015 09:15,145,1,245,70,67.5,10726.06,23.5047578738,0,12.34
18/11/2015 09:15,146,1,246,71,68,10725.19,23.5061809723,0,12.34
18/11/2015 09:15,147,1,247,71,68.5,10726.06,23.5070190654,0,12.34
18/11/2015 09:15,148,1,248,72,69,10726.06,23.5070330069,0,12.34
18/11/2015 09:15,149,1,249,72,69.5,10726.06,23.5070369974,0,12.34
18/11/2015 09:15,150,1,250,73,70,10726.06,23.5020254277,0,12.34
18/11/2015 09:15,151,1,251,73,70.5,10726.06,23.5053884557,0,12.34
18/11/2015 09:15,152,1,252,74,71,10725.19,23.4920934452,0,12.34
18/11/2015 09:15,153,1,253,74,71.5,10723.33,23.4973448388,0,12.34
18/11/2015 09:15,154,1,254,75,72,10725.19,23.5089891673,0,12.34
18/11/2015 09:15,155,1,255,75,72.5,10723.33,23.4994335862,0,12.34
18/11/2015 09:15,156,1,256,76,73,10721.47,23.5040992783,0,12.34
18/11/2015 09:15,157,1,257,76,73.5,10721.47,23.5096936267,0,12.34
18/11/2015 09:15,158,1,258,77,74,10723.33,23.4973682699,0,12.34
18/11/2015 09:15,159,1,259,77,74.5,10721.47,23.496645512,0,12.34
18/11/2015 09:15,160,1,260,78,75,10721.47,23.4985777105,0,12.34
18/11/2015 09:15,161,1,261,78,75.5,10721.47,23.5028171402,0,12.34
18/11/2015 09:15,162,1,262,79,76,10721.47,23.4991306655,0,12.34
18/11/2015 09:15,163,1,263,79,76.5,10721.47,23.4947810359,0,12.34
18/11/2015 09:15,164,1,264,80,77,10720.6,23.4912947261,0,12.34
18/11/2015 09:15,165,1,265,80,77.5,10721.47,23.4967721709,0,12.34
18/11/2015 09:15,166,1,266,81,78,10721.47,23.496957205,0,12.34
18/11/2015 09:15,167,1,267,81,78.5,10721.47,23.494802536,0,12.34
18/11/2015 09:15,168,1,268,82,79,10720.6,23.4955613794,0,12.34
18/11/2015 09:15,169,1,269,82,79.5,10721.47,23.4907645147,0,12.34
18/11/2015 09:15,170,1,270,83,80,10720.6,23.4983365308,0,12.34
18/11/2015 09:15,171,1,271,83,80.5,10721.47,23.4840451552,0,12.34
18/11/2015 09:15,172,1,272,84,81,10721.47,23.4949490227,0,12.34
18/11/2015 09:15,173,1,273,84,81.5,10721.47,23.4968592617,0,12.34
18/11/2015 09:15,174,1,274,85,82,10721.47,23.4885391862,0,12.34
18/11/2015 09:15,175,1,275,85,82.5,10718.74,23.4917488317,0,12.34
18/11/2015 09:15,176,1,276,86,83,10721.47,23.49272648,0,12.34
18/11/2015 09:15,177,1,277,86,83.5,10718.74,23.4874106246,0,12.34
18/11/2015 09:15,178,1,278,87,84,10720.6,23.4896151419,0,12.34
18/11/2015 09:15,179,1,279,87,84.5,10721.47,23.4909275917,0,12.34
18/11/2015 09:15,180,1,280,88,85,10720.6,23.4833495065,0,12.34
18/11/2015 09:15,181,1,281,88,85.5,10721.47,23.4913643571,0,12.34
18/11/2015 09:15,182,1,282,89,86,10719.61,23.4918001774,0,12.34
18/11/2015 09:15,183,1,283,89,86.5,10718.74,23.4870583919,0,12.34
18/11/2015 09:15,184,1,284,90,87,10721.47,23.4846396261,0,12.34
18/11/2015 09:15,185,1,285,90,87.5,10719.61,23.4778402104,0,12.34
18/11/2015 09:15,186,1,286,91,88,10721.47,23.4852229797,0,12.34
18/11/2015 09:15,187,1,287,91,88.5,10718.74,23.475743567,0,12.34
18/11/2015 09:15,188,1,288,92,89,10721.47,23.4888391498,0,12.34
18/11/2015 09:15,189,1,289,92,89.5,10720.6,23.4825687625,0,12.34
18/11/2015 09:15,190,1,290,93,90,10718.74,23.4803008423,0,12.34
18/11/2015 09:15,191,1,291,93,90.5,10721.47,23.4760387009,0,12.34
18/11/2015 09:15,192,1,292,94,91,10721.47,23.4661450436,0,12.34
18/11/2015 09:15,193,1,293,94,91.5,10721.47,23.47005856,0,12.34
18/11/2015 09:15,194,1,294,95,92,10721.47,23.4768644098,0,12.34
18/11/2015 09:15,195,1,295,95,92.5,10721.47,23.4860919682,0,12.34
18/11/2015 09:15,196,1,296,96,93,10721.47,23.4767143661,0,12.34
18/11/2015 09:15,197,1,297,96,93.5,10721.47,23.4735369639,0,12.34
18/11/2015 09:15,198,1,298,97,94,10721.47,23.4682454467,0,12.34
18/11/2015 09:15,199,1,299,97,94.5,10721.47,23.4705263126,0,12.34
18/11/2015 09:15,200,1,300,98,95,10721.47,23.4736784768,0,12.34
18/11/2015 09:15,201,1,301,98,95.5,10721.47,23.4665423565,0,12.34
18/11/2015 09:15,202,1,302,99,96,10721.47,23.4762094176,0,12.34
18/11/2015 09:15,203,1,303,99,96.5,10721.47,23.4595813116,0,12.34
18/11/2015 09:15,204,1,304,100,97,10721.47,23.4627271524,0,12.34
18/11/2015 09:15,205,1,305,100,97.5,10721.47,23.463790317,0,12.34
18/11/2015 09:15,206,1,306,101,98,10723.33,23.4526726717,0,12.34
18/11/2015 09:15,207,1,307,101,98.5,10723.33,23.4641781993,0,12.34
18/11/2015 09:15,208,1,308,102,99,10723.33,23.4606436568,0,12.34
18/11/2015 09:15,209,1,309,102,99.5,10724.2,23.4595568481,0,12.34
18/11/2015 09:15,210,1,310,103,100,10724.2,23.4620208396,0,12.34
18/11/2015 09:15,211,1,311,103,100.5,10723.33,23.4621552291,0,12.34
18/11/2015 09:15,212,1,312,104,101,10723.33,23.4598329356,0,12.34
18/11/2015 09:15,213,1,313,104,101.5,10724.2,23.4523590751,0,12.34
18/11/2015 09:15,214,1,314,105,102,10725.19,23.4533475829,0,12.34
18/11/2015 09:15,215,1,315,105,102.5,10726.06,23.4542215219,0,12.34
18/11/2015 09:15,216,1,316,106,103,10726.06,23.4450405254,0,12.34
18/11/2015 09:15,217,1,317,106,103.5,10726.06,23.4450113919,0,12.34
18/11/2015 09:15,218,1,318,107,104,10726.06,23.4469206906,0,12.34
18/11/2015 09:15,219,1,319,107,104.5,10726.06,23.4483049161,0,12.34
18/11/2015 09:15,220,1,320,108,105,10726.93,23.4557295808,0,12.34
18/11/2015 09:15,221,1,321,108,105.5,10726.06,23.44961706,0,12.34
18/11/2015 09:15,222,1,322,109,106,10726.93,23.4422716784,0,12.34
18/11/2015 09:15,223,1,323,109,106.5,10726.06,23.4401899479,0,12.34
18/11/2015 09:15,224,1,324,110,107,10726.06,23.4498535453,0,12.34
18/11/2015 09:15,225,1,325,110,107.5,10726.93,23.4546995174,0,12.34
18/11/2015 09:15,226,1,326,111,108,10726.93,23.4407145008,0,12.34
18/11/2015 09:15,227,1,327,111,108.5,10728.79,23.4363268512,0,12.34
18/11/2015 09:15,228,1,328,112,109,10728.79,23.4305003001,0,12.34
18/11/2015 09:15,229,1,329,112,109.5,10730.65,23.4412795587,0,12.34
18/11/2015 09:15,230,1,330,113,110,10730.65,23.4366930503,0,12.34
18/11/2015 09:15,231,1,331,113,110.5,10731.52,23.4399102493,0,12.34
18/11/2015 09:15,232,1,332,114,111,10732.38,23.4283774729,0,12.34
18/11/2015 09:15,233,1,333,114,111.5,10732.38,23.4329608301,0,12.34
18/11/2015 09:15,234,1,334,115,112,10731.52,23.4273239557,0,12.34
18/11/2015 09:15,235,1,335,115,112.5,10732.38,23.4358045851,0,12.34
18/11/2015 09:15,236,1,336,116,113,10732.38,23.4255089879,0,12.34
18/11/2015 09:15,237,1,337,116,113.5,10732.38,23.4266626364,0,12.34
18/11/2015 09:15,238,1,338,117,114,10732.38,23.4241950349,0,12.34
18/11/2015 09:15,239,1,339,117,114.5,10732.38,23.4297382227,0,12.34
18/11/2015 09:15,240,1,340,118,115,10732.38,23.4257447809,0,12.34
18/11/2015 09:15,241,1,341,118,115.5,10732.38,23.4174158763,0,12.34
18/11/2015 09:15,242,1,342,119,116,10732.38,23.4181076719,0,12.34
18/11/2015 09:15,243,1,343,119,116.5,10732.38,23.4148770665,0,12.34
18/11/2015 09:15,244,1,344,120,117,10732.38,23.4214689411,0,12.34
18/11/2015 09:15,245,1,345,120,117.5,10734.25,23.4194353344,0,12.34
18/11/2015 09:15,246,1,346,121,118,10732.38,23.4084341159,0,12.34
18/11/2015 09:15,247,1,347,121,118.5,10736.11,23.405913124,0,12.34
18/11/2015 09:15,248,1,348,122,119,10736.11,23.4140820898,0,12.34
18/11/2015 09:15,249,1,349,122,119.5,10734.25,23.4166074965,0,12.34
18/11/2015 09:15,250,1,350,123,120,10736.11,23.412803751,0,12.34
18/11/2015 09:15,251,1,351,123,120.5,10736.11,23.4030797981,0,12.34
18/11/2015 09:15,252,1,352,124,121,10736.11,23.4018797124,0,12.34
18/11/2015 09:15,253,1,353,124,121.5,10736.98,23.4128150284,0,12.34
18/11/2015 09:15,254,1,354,125,122,10737.85,23.4065947255,0,12.34
18/11/2015 09:15,255,1,355,125,122.5,10736.98,23.4042334326,0,12.34
18/11/2015 09:15,256,1,356,126,123,10737.85,23.4115898731,0,12.34
18/11/2015 09:15,257,1,357,126,123.5,10739.71,23.399871964,0,12.34
18/11/2015 09:15,258,1,358,127,124,10739.71,23.4033782036,0,12.34
18/11/2015 09:15,259,1,359,127,124.5,10740.58,23.4036380758,0,12.34
18/11/2015 09:15,260,1,360,128,125,10738.71,23.4044978786,0,12.34
18/11/2015 09:15,261,1,361,128,125.5,10740.58,23.3949775929,0,12.34
18/11/2015 09:15,262,1,362,129,126,10740.58,23.3998883262,0,12.34
18/11/2015 09:15,263,1,363,129,126.5,10741.45,23.4106979833,0,12.34
18/11/2015 09:15,264,1,364,130,127,10740.58,23.3882462747,0,12.34
18/11/2015 09:15,265,1,365,130,127.5,10742.45,23.3968382027,0,12.34
18/11/2015 09:15,266,1,366,131,128,10743.31,23.3923783006,0,12.34
18/11/2015 09:15,267,1,367,131,128.5,10743.31,23.3882522668,0,12.33
18/11/2015 09:15,268,1,368,132,129,10743.31,23.3870901152,0,12.34
18/11/2015 09:15,269,1,369,132,129.5,10743.31,23.3926036666,0,12.34
18/11/2015 09:15,270,1,370,133,130,10743.31,23.4005582914,0,12.34
18/11/2015 09:15,271,1,371,133,130.5,10743.31,23.3838789137,0,12.34
18/11/2015 09:15,272,1,372,134,131,10743.31,23.3894226481,0,12.34
18/11/2015 09:15,273,1,373,134,131.5,10743.31,23.3827943144,0,12.34
18/11/2015 09:15,274,1,374,135,132,10743.31,23.3943462201,0,12.34
18/11/2015 09:15,275,1,375,135,132.5,10743.31,23.3860624917,0,12.34
18/11/2015 09:15,276,1,376,136,133,10743.31,23.381527526,0,12.34
18/11/2015 09:15,277,1,377,136,133.5,10745.18,23.3841963915,0,12.34
18/11/2015 09:15,278,1,378,137,134,10747.05,23.3799511848,0,12.34
18/11/2015 09:15,279,1,379,137,134.5,10747.05,23.3843993357,0,12.34
18/11/2015 09:15,280,1,380,138,135,10747.92,23.3768218133,0,12.34
18/11/2015 09:15,281,1,381,138,135.5,10747.92,23.3710313104,0,12.34
18/11/2015 09:15,282,1,382,139,136,10747.05,23.3767615201,0,12.34
18/11/2015 09:15,283,1,383,139,136.5,10747.92,23.3822275948,0,12.34
18/11/2015 09:15,284,1,384,140,137,10747.92,23.3673347239,0,12.34
18/11/2015 09:15,285,1,385,140,137.5,10748.78,23.3710038412,0,12.34
18/11/2015 09:15,286,1,386,141,138,10748.78,23.3761397777,0,12.34
18/11/2015 09:15,287,1,387,141,138.5,10747.92,23.3604174334,0,12.34
18/11/2015 09:15,288,1,388,142,139,10750.65,23.3720500942,0,12.34
18/11/2015 09:15,289,1,389,142,139.5,10750.65,23.371594868,0,12.34
18/11/2015 09:15,290,1,390,143,140,10749.65,23.3678071023,0,12.34
18/11/2015 09:15,291,1,391,143,140.5,10750.65,23.3618005676,0,12.34
18/11/2015 09:15,292,1,392,144,141,10751.52,23.3645305731,0,12.34
18/11/2015 09:15,293,1,393,144,141.5,10751.52,23.363949159,0,12.34
18/11/2015 09:15,294,1,394,145,142,10753.39,23.3670789508,0,12.34
18/11/2015 09:15,295,1,395,145,142.5,10754.26,23.364642257,0,12.34
18/11/2015 09:15,296,1,396,146,143,10754.26,23.3584979963,0,12.34
18/11/2015 09:15,297,1,397,146,143.5,10754.26,23.3672755734,0,12.34
18/11/2015 09:15,298,1,398,147,144,10754.26,23.3578515956,0,12.34
18/11/2015 09:15,299,1,399,147,144.5,10754.26,23.3529744123,0,12.34
18/11/2015 09:15,300,1,400,148,145,10754.26,23.3537805091,0,12.34
18/11/2015 09:15,301,1,401,148,145.5,10754.26,23.3592029567,0,12.34
18/11/2015 09:15,302,1,402,149,146,10754.26,23.3548258827,0,12.34
18/11/2015 09:15,303,1,403,149,146.5,10754.26,23.3572366197,0,12.34
18/11/2015 09:15,304,1,404,150,147,10754.26,23.3520835441,0,12.34
18/11/2015 09:15,305,1,405,150,147.5,10756.13,23.3631192977,0,12.34
18/11/2015 09:15,306,1,406,151,148,10758,23.3413073714,0,12.34
18/11/2015 09:15,307,1,407,151,148.5,10758,23.3465089917,0,12.34
18/11/2015 09:15,308,1,408,152,149,10758,23.3471232101,0,12.34
18/11/2015 09:15,309,1,409,152,149.5,10758,23.3469489599,0,12.34
18/11/2015 09:15,310,1,410,153,150,10758.87,23.352744476,0,12.34
18/11/2015 09:15,311,1,411,153,150.5,10758.87,23.3455247274,0,12.34
18/11/2015 09:15,312,1,412,154,151,10758.87,23.3428194801,0,12.34
18/11/2015 09:15,313,1,413,154,151.5,10758.87,23.3427059782,0,12.34
18/11/2015 09:15,314,1,414,155,152,10759.74,23.3450922385,0,12.34
18/11/2015 09:15,315,1,415,155,152.5,10759.74,23.3368621316,0,12.34
18/11/2015 09:15,316,1,416,156,153,10759.74,23.3415405468,0,12.34
18/11/2015 09:15,317,1,417,156,153.5,10761.61,23.3304412817,0,12.34
18/11/2015 09:15,318,1,418,157,154,10761.61,23.3368550697,0,12.34
18/11/2015 09:15,319,1,419,157,154.5,10762.48,23.3315254561,0,12.34
18/11/2015 09:15,320,1,420,158,155,10762.48,23.3319582009,0,12.34
18/11/2015 09:15,321,1,421,158,155.5,10764.35,23.3356259762,0,12.34
18/11/2015 09:15,322,1,422,159,156,10765.22,23.3275814883,0,12.34
18/11/2015 09:15,323,1,423,159,156.5,10764.35,23.3272583011,0,12.34
18/11/2015 09:15,324,1,424,160,157,10765.22,23.3236229026,0,12.34
18/11/2015 09:15,325,1,425,160,157.5,10765.22,23.3190614076,0,12.33
18/11/2015 09:15,326,1,426,161,158,10765.22,23.3284508555,0,12.33
18/11/2015 09:15,327,1,427,161,158.5,10765.22,23.3340294314,0,12.34
18/11/2015 09:15,328,1,428,162,159,10765.22,23.3263160165,0,12.34
18/11/2015 09:15,329,1,429,162,159.5,10765.22,23.3250686622,0,12.34
18/11/2015 09:15,330,1,430,163,160,10765.22,23.3200202356,0,12.34
18/11/2015 09:15,331,1,431,163,160.5,10765.22,23.3321887206,0,12.34
18/11/2015 09:15,332,1,432,164,161,10765.22,23.3220460238,0,12.34
18/11/2015 09:15,333,1,433,164,161.5,10767.09,23.3287868945,0,12.34
18/11/2015 09:15,334,1,434,165,162,10768.96,23.3231531523,0,12.34
18/11/2015 09:15,335,1,435,165,162.5,10767.09,23.319057184,0,12.34
18/11/2015 09:15,336,1,436,166,163,10770.7,23.3248151055,0,12.34
18/11/2015 09:15,337,1,437,166,163.5,10768.96,23.323351231,0,12.34
18/11/2015 09:15,338,1,438,167,164,10769.83,23.3169192572,0,12.34
18/11/2015 09:15,339,1,439,167,164.5,10770.84,23.3229963851,0,12.34
18/11/2015 09:15,340,1,440,168,165,10770.7,23.3244659961,0,12.34
18/11/2015 09:15,341,1,441,168,165.5,10770.7,23.3142770701,0,12.34
18/11/2015 09:15,342,1,442,169,166,10769.83,23.3123750952,0,12.34
18/11/2015 09:15,343,1,443,169,166.5,10770.7,23.3147277744,0,12.34
18/11/2015 09:15,344,1,444,170,167,10769.83,23.3135171779,0,12.34
18/11/2015 09:15,345,1,445,170,167.5,10772.58,23.3148524837,0,12.34
18/11/2015 09:15,346,1,446,171,168,10772.58,23.308596231,0,12.34
18/11/2015 09:15,347,1,447,171,168.5,10772.58,23.3125117225,0,12.34
18/11/2015 09:15,348,1,448,172,169,10774.45,23.3132438297,0,12.34
18/11/2015 09:15,349,1,449,172,169.5,10774.32,23.3079559839,0,12.34
18/11/2015 09:15,350,1,450,173,170,10775.32,23.3069048349,0,12.34
18/11/2015 09:15,351,1,451,173,170.5,10776.19,23.298939533,0,12.34
18/11/2015 09:15,352,1,452,174,171,10775.32,23.2984226597,0,12.34
18/11/2015 09:15,353,1,453,174,171.5,10776.19,23.2960576593,0,12.33
18/11/2015 09:15,354,1,454,175,172,10776.19,23.2962243242,0,12.34
18/11/2015 09:15,355,1,455,175,172.5,10776.19,23.3007538503,0,12.34
18/11/2015 09:15,356,1,456,176,173,10776.19,23.292541044,0,12.34
18/11/2015 09:15,357,1,457,176,173.5,10776.19,23.310934883,0,12.34
18/11/2015 09:15,358,1,458,177,174,10776.19,23.3024925806,0,12.34
18/11/2015 09:15,359,1,459,177,174.5,10776.19,23.2875522346,0,12.34
18/11/2015 09:15,360,1,460,178,175,10776.19,23.2912146589,0,12.34
18/11/2015 09:15,361,1,461,178,175.5,10776.19,23.2955510617,0,12.34
18/11/2015 09:15,362,1,462,179,176,10778.07,23.2866248887,0,12.34
18/11/2015 09:15,363,1,463,179,176.5,10776.19,23.291994723,0,12.34
18/11/2015 09:15,364,1,464,180,177,10776.19,23.298856751,0,12.34
18/11/2015 09:15,365,1,465,180,177.5,10778.07,23.2916925418,0,12.34
18/11/2015 09:15,366,1,466,181,178,10778.07,23.2912885656,0,12.34
18/11/2015 09:15,367,1,467,181,178.5,10779.94,23.2857322573,0,12.34
18/11/2015 09:15,368,1,468,182,179,10779.94,23.2870799849,0,12.34
18/11/2015 09:15,369,1,469,182,179.5,10779.94,23.2822211982,0,12.34
18/11/2015 09:15,370,1,470,183,180,10780.81,23.2899233336,0,12.34
